// @HEADER
// ************************************************************************
//
//               Digital Image Correlation Engine (DICe)
//                 Copyright 2015 National Technology & Engineering Solutions of Sandia, LLC (NTESS).
//
// Under the terms of Contract DE-NA0003525 with NTESS,
// the U.S. Government retains certain rights in this software.
//
// Redistribution and use in source and binary forms, with or without
// modification, are permitted provided that the following conditions are
// met:
//
// 1. Redistributions of source code must retain the above copyright
// notice, this list of conditions and the following disclaimer.
//
// 2. Redistributions in binary form must reproduce the above copyright
// notice, this list of conditions and the following disclaimer in the
// documentation and/or other materials provided with the distribution.
//
// 3. Neither the name of the Corporation nor the names of the
// contributors may be used to endorse or promote products derived from
// this software without specific prior written permission.
//
// THIS SOFTWARE IS PROVIDED BY NTESS "AS IS" AND ANY
// EXPRESS OR IMPLIED WARRANTIES, INCLUDING, BUT NOT LIMITED TO, THE
// IMPLIED WARRANTIES OF MERCHANTABILITY AND FITNESS FOR A PARTICULAR
// PURPOSE ARE DISCLAIMED. IN NO EVENT SHALL NTESS OR THE
// CONTRIBUTORS BE LIABLE FOR ANY DIRECT, INDIRECT, INCIDENTAL, SPECIAL,
// EXEMPLARY, OR CONSEQUENTIAL DAMAGES (INCLUDING, BUT NOT LIMITED TO,
// PROCUREMENT OF SUBSTITUTE GOODS OR SERVICES; LOSS OF USE, DATA, OR
// PROFITS; OR BUSINESS INTERRUPTION) HOWEVER CAUSED AND ON ANY THEORY OF
// LIABILITY, WHETHER IN CONTRACT, STRICT LIABILITY, OR TORT (INCLUDING
// NEGLIGENCE OR OTHERWISE) ARISING IN ANY WAY OUT OF THE USE OF THIS
// SOFTWARE, EVEN IF ADVISED OF THE POSSIBILITY OF SUCH DAMAGE.
//
// Questions? Contact: Dan Turner (dzturne@sandia.gov)
//
// ************************************************************************
// @HEADER

#include <DICe_Image.h>
#include <DICe_ImageUtils.h>
#include <DICe_LocalShapeFunction.h>
#include <DICe_ImageIO.h>
#include <DICe_Shape.h>

#include <Teuchos_ParameterList.hpp>

#include <cassert>

namespace DICe {

const static scalar_t gf_coeffs_5[25] = {
  1.96000000e-06,2.20360000e-04,8.79550000e-04,2.20360000e-04,1.96000000e-06,
  2.20360000e-04,2.47747600e-02,9.88865500e-02,2.47747600e-02,2.20360000e-04,
  8.79550000e-04,9.88865500e-02,3.94698062e-01,9.88865500e-02,8.79550000e-04,
  2.20360000e-04,2.47747600e-02,9.88865500e-02,2.47747600e-02,2.20360000e-04,
  1.96000000e-06,2.20360000e-04,8.79550000e-04,2.20360000e-04,1.96000000e-06
};

const static scalar_t gf_coeffs_7[49] = {
  3.60000000e-05,3.63600000e-04,1.45080000e-03,2.29860000e-03,1.45080000e-03,3.63600000e-04,3.60000000e-05,
  3.63600000e-04,3.67236000e-03,1.46530800e-02,2.32158600e-02,1.46530800e-02,3.67236000e-03,3.63600000e-04,
  1.45080000e-03,1.46530800e-02,5.84672400e-02,9.26335800e-02,5.84672400e-02,1.46530800e-02,1.45080000e-03,
  2.29860000e-03,2.32158600e-02,9.26335800e-02,1.46765610e-01,9.26335800e-02,2.32158600e-02,2.29860000e-03,
  1.45080000e-03,1.46530800e-02,5.84672400e-02,9.26335800e-02,5.84672400e-02,1.46530800e-02,1.45080000e-03,
  3.63600000e-04,3.67236000e-03,1.46530800e-02,2.32158600e-02,1.46530800e-02,3.67236000e-03,3.63600000e-04,
  3.60000000e-05,3.63600000e-04,1.45080000e-03,2.29860000e-03,1.45080000e-03,3.63600000e-04,3.60000000e-05
};

const static scalar_t gf_coeffs_9[81] = {
  4.90000000e-07,7.56000000e-06,5.23600000e-05,1.66880000e-04,2.45350000e-04,1.66880000e-04,5.23600000e-05,7.56000000e-06,4.90000000e-07,
  7.56000000e-06,1.16640000e-04,8.07840000e-04,2.57472000e-03,3.78540000e-03,2.57472000e-03,8.07840000e-04,1.16640000e-04,7.56000000e-06,
  5.23600000e-05,8.07840000e-04,5.59504000e-03,1.78323200e-02,2.62174000e-02,1.78323200e-02,5.59504000e-03,8.07840000e-04,5.23600000e-05,
  1.66880000e-04,2.57472000e-03,1.78323200e-02,5.68345600e-02,8.35592000e-02,5.68345600e-02,1.78323200e-02,2.57472000e-03,1.66880000e-04,
  2.45350000e-04,3.78540000e-03,2.62174000e-02,8.35592000e-02,1.22850250e-01,8.35592000e-02,2.62174000e-02,3.78540000e-03,2.45350000e-04,
  1.66880000e-04,2.57472000e-03,1.78323200e-02,5.68345600e-02,8.35592000e-02,5.68345600e-02,1.78323200e-02,2.57472000e-03,1.66880000e-04,
  5.23600000e-05,8.07840000e-04,5.59504000e-03,1.78323200e-02,2.62174000e-02,1.78323200e-02,5.59504000e-03,8.07840000e-04,5.23600000e-05,
  7.56000000e-06,1.16640000e-04,8.07840000e-04,2.57472000e-03,3.78540000e-03,2.57472000e-03,8.07840000e-04,1.16640000e-04,7.56000000e-06,
  4.90000000e-07,7.56000000e-06,5.23600000e-05,1.66880000e-04,2.45350000e-04,1.66880000e-04,5.23600000e-05,7.56000000e-06,4.90000000e-07
};

const static scalar_t gf_coeffs_11[121] = {
  1.00000000e-08,1.70000000e-07,1.68000000e-06,8.70000000e-06,2.32800000e-05,3.23100000e-05,2.32800000e-05,8.70000000e-06,1.68000000e-06,1.70000000e-07,1.00000000e-08,
  1.70000000e-07,2.89000000e-06,2.85600000e-05,1.47900000e-04,3.95760000e-04,5.49270000e-04,3.95760000e-04,1.47900000e-04,2.85600000e-05,2.89000000e-06,1.70000000e-07,
  1.68000000e-06,2.85600000e-05,2.82240000e-04,1.46160000e-03,3.91104000e-03,5.42808000e-03,3.91104000e-03,1.46160000e-03,2.82240000e-04,2.85600000e-05,1.68000000e-06,
  8.70000000e-06,1.47900000e-04,1.46160000e-03,7.56900000e-03,2.02536000e-02,2.81097000e-02,2.02536000e-02,7.56900000e-03,1.46160000e-03,1.47900000e-04,8.70000000e-06,
  2.32800000e-05,3.95760000e-04,3.91104000e-03,2.02536000e-02,5.41958400e-02,7.52176800e-02,5.41958400e-02,2.02536000e-02,3.91104000e-03,3.95760000e-04,2.32800000e-05,
  3.23100000e-05,5.49270000e-04,5.42808000e-03,2.81097000e-02,7.52176800e-02,1.04393610e-01,7.52176800e-02,2.81097000e-02,5.42808000e-03,5.49270000e-04,3.23100000e-05,
  2.32800000e-05,3.95760000e-04,3.91104000e-03,2.02536000e-02,5.41958400e-02,7.52176800e-02,5.41958400e-02,2.02536000e-02,3.91104000e-03,3.95760000e-04,2.32800000e-05,
  8.70000000e-06,1.47900000e-04,1.46160000e-03,7.56900000e-03,2.02536000e-02,2.81097000e-02,2.02536000e-02,7.56900000e-03,1.46160000e-03,1.47900000e-04,8.70000000e-06,
  1.68000000e-06,2.85600000e-05,2.82240000e-04,1.46160000e-03,3.91104000e-03,5.42808000e-03,3.91104000e-03,1.46160000e-03,2.82240000e-04,2.85600000e-05,1.68000000e-06,
  1.70000000e-07,2.89000000e-06,2.85600000e-05,1.47900000e-04,3.95760000e-04,5.49270000e-04,3.95760000e-04,1.47900000e-04,2.85600000e-05,2.89000000e-06,1.70000000e-07,
  1.00000000e-08,1.70000000e-07,1.68000000e-06,8.70000000e-06,2.32800000e-05,3.23100000e-05,2.32800000e-05,8.70000000e-06,1.68000000e-06,1.70000000e-07,1.00000000e-08
};

const static scalar_t gf_coeffs_13[169] = {
  1.00000000e-08,1.20000000e-07,8.50000000e-07,3.80000000e-06,1.10900000e-05,2.10800000e-05,2.61100000e-05,2.10800000e-05,1.10900000e-05,3.80000000e-06,8.50000000e-07,1.20000000e-07,1.00000000e-08,
  1.20000000e-07,1.44000000e-06,1.02000000e-05,4.56000000e-05,1.33080000e-04,2.52960000e-04,3.13320000e-04,2.52960000e-04,1.33080000e-04,4.56000000e-05,1.02000000e-05,1.44000000e-06,1.20000000e-07,
  8.50000000e-07,1.02000000e-05,7.22500000e-05,3.23000000e-04,9.42650000e-04,1.79180000e-03,2.21935000e-03,1.79180000e-03,9.42650000e-04,3.23000000e-04,7.22500000e-05,1.02000000e-05,8.50000000e-07,
  3.80000000e-06,4.56000000e-05,3.23000000e-04,1.44400000e-03,4.21420000e-03,8.01040000e-03,9.92180000e-03,8.01040000e-03,4.21420000e-03,1.44400000e-03,3.23000000e-04,4.56000000e-05,3.80000000e-06,
  1.10900000e-05,1.33080000e-04,9.42650000e-04,4.21420000e-03,1.22988100e-02,2.33777200e-02,2.89559900e-02,2.33777200e-02,1.22988100e-02,4.21420000e-03,9.42650000e-04,1.33080000e-04,1.10900000e-05,
  2.10800000e-05,2.52960000e-04,1.79180000e-03,8.01040000e-03,2.33777200e-02,4.44366400e-02,5.50398800e-02,4.44366400e-02,2.33777200e-02,8.01040000e-03,1.79180000e-03,2.52960000e-04,2.10800000e-05,
  2.61100000e-05,3.13320000e-04,2.21935000e-03,9.92180000e-03,2.89559900e-02,5.50398800e-02,6.81732100e-02,5.50398800e-02,2.89559900e-02,9.92180000e-03,2.21935000e-03,3.13320000e-04,2.61100000e-05,
  2.10800000e-05,2.52960000e-04,1.79180000e-03,8.01040000e-03,2.33777200e-02,4.44366400e-02,5.50398800e-02,4.44366400e-02,2.33777200e-02,8.01040000e-03,1.79180000e-03,2.52960000e-04,2.10800000e-05,
  1.10900000e-05,1.33080000e-04,9.42650000e-04,4.21420000e-03,1.22988100e-02,2.33777200e-02,2.89559900e-02,2.33777200e-02,1.22988100e-02,4.21420000e-03,9.42650000e-04,1.33080000e-04,1.10900000e-05,
  3.80000000e-06,4.56000000e-05,3.23000000e-04,1.44400000e-03,4.21420000e-03,8.01040000e-03,9.92180000e-03,8.01040000e-03,4.21420000e-03,1.44400000e-03,3.23000000e-04,4.56000000e-05,3.80000000e-06,
  8.50000000e-07,1.02000000e-05,7.22500000e-05,3.23000000e-04,9.42650000e-04,1.79180000e-03,2.21935000e-03,1.79180000e-03,9.42650000e-04,3.23000000e-04,7.22500000e-05,1.02000000e-05,8.50000000e-07,
  1.20000000e-07,1.44000000e-06,1.02000000e-05,4.56000000e-05,1.33080000e-04,2.52960000e-04,3.13320000e-04,2.52960000e-04,1.33080000e-04,4.56000000e-05,1.02000000e-05,1.44000000e-06,1.20000000e-07,
  1.00000000e-08,1.20000000e-07,8.50000000e-07,3.80000000e-06,1.10900000e-05,2.10800000e-05,2.61100000e-05,2.10800000e-05,1.10900000e-05,3.80000000e-06,8.50000000e-07,1.20000000e-07,1.00000000e-08
};

inline scalar_t keys_f0(const scalar_t & s){
  return 1.33333333333333*s*s*s - 2.33333333333333*s*s+ 1.0;
}
inline scalar_t keys_f1(const scalar_t & s){
  return -0.58333333333333*s*s*s + 3.0*s*s - 4.91666666666666*s + 2.5;
}
inline scalar_t keys_f2(const scalar_t & s){
  return 0.08333333333333*s*s*s - 0.66666666666666*s*s + 1.75*s - 1.5;
}

template <typename S>
Image_<S>::Image_(const char * file_name,
  const Teuchos::RCP<Teuchos::ParameterList> & params):
  width_(0),
  height_(0),
  offset_x_(0),
  offset_y_(0),
  has_gradients_(false),
  has_gauss_filter_(false),
  file_name_(file_name),
  has_file_name_(true),
  gradient_method_(FINITE_DIFFERENCE)
{
  try{
    utils::read_image_dimensions(file_name,width_,height_);
    subimage_dims_from_params(params);
    // initialize the pixel containers
    utils::read_image(file_name,intensities_,params);
  }
  catch(...){
    TEUCHOS_TEST_FOR_EXCEPTION(true,std::runtime_error,"Error, image file read failure");
  }
  assert(intensities_.size()>0);
  default_constructor_tasks(params);
  post_allocation_tasks(params);
}

template <typename S>
Image_<S>::Image_(const int_t width,
  const int_t height,
  const S intensity):
  width_(width),
  height_(height),
  offset_x_(0),
  offset_y_(0),
  has_gradients_(false),
  has_gauss_filter_(false),
  file_name_("(from scalar)"),
  has_file_name_(false),
  gradient_method_(FINITE_DIFFERENCE)
{
  TEUCHOS_TEST_FOR_EXCEPTION(width_<0,std::invalid_argument,"Error, width cannot be negative or zero.");
  TEUCHOS_TEST_FOR_EXCEPTION(height_<0,std::invalid_argument,"Error, height cannot be negative or zero.");
  intensities_ = Teuchos::ArrayRCP<S>(height_*width_,intensity);
  assert(intensities_.size()>0);
  default_constructor_tasks(Teuchos::null);
  post_allocation_tasks(Teuchos::null);
}
template <typename S>
Image_<S>::Image_(Teuchos::RCP<Image_> img,
  const Teuchos::RCP<Teuchos::ParameterList> & params):
  width_(img->width()),
  height_(img->height()),
  offset_x_(img->offset_x()),
  offset_y_(img->offset_y()),
  has_gradients_(img->has_gradients()),
  has_gauss_filter_(img->has_gauss_filter()),
  file_name_(img->file_name()),
  has_file_name_(img->has_file_name()),
  gradient_method_(FINITE_DIFFERENCE)
{
  subimage_dims_from_params(params);
  TEUCHOS_TEST_FOR_EXCEPTION(offset_x_<0,std::invalid_argument,"Error, offset_x_ cannot be negative.");
  TEUCHOS_TEST_FOR_EXCEPTION(offset_y_<0,std::invalid_argument,"Error, offset_x_ cannot be negative.");
  const int_t src_width = img->width();
  const int_t src_height = img->height();

  // initialize the pixel containers
  intensities_ = Teuchos::ArrayRCP<S>(height_*width_,0);
  intensities_temp_ = Teuchos::ArrayRCP<S>(height_*width_,0);
  grad_x_ = Teuchos::ArrayRCP<scalar_t>(height_*width_,0.0);
  grad_y_ = Teuchos::ArrayRCP<scalar_t>(height_*width_,0.0);
  mask_ = Teuchos::ArrayRCP<scalar_t>(height_*width_,0.0);
  // deep copy values over
  int_t src_y=0, src_x=0;
  for(int_t y=0;y<height_;++y){
    src_y = y + offset_y_;
    for(int_t x=0;x<width_;++x){
      src_x = x + offset_x_;
      if(src_x>=0&&src_x<src_width&&src_y>=0&&src_y<src_height){
        intensities_[y*width_+x] = (*img)(src_x,src_y);
        grad_x_[y*width_+x] = img->grad_x(src_x,src_y);
        grad_y_[y*width_+x] = img->grad_y(src_x,src_y);
        mask_[y*width_+x] = img->mask(src_x,src_y);
      }
      else{
        intensities_[y*width_+x] = 0;
        grad_x_[y*width_+x] = 0.0;
        grad_y_[y*width_+x] = 0.0;
        mask_[y*width_+x] = 1.0;
      }
    }
  }
  grad_c1_ = 1.0/12.0;
  grad_c2_ = -8.0/12.0;
  gauss_filter_mask_size_ = img->gauss_filter_mask_size();
  gauss_filter_half_mask_ = gauss_filter_mask_size_/2+1;
  if(params!=Teuchos::null){
    if(params->isParameter(DICe::gauss_filter_mask_size)){
      gauss_filter_mask_size_ = params->get<int>(DICe::gauss_filter_mask_size,7);
      gauss_filter_half_mask_ = gauss_filter_mask_size_/2+1;
    }
    if(params->isParameter(DICe::gauss_filter_images)){
        if(!img->has_gauss_filter()&&params->get<bool>(DICe::gauss_filter_images,false)){
          // if the image was not filtered, but requested here, filter the image
          DEBUG_MSG("Image filter requested, but origin image does not have gauss filter, applying gauss filter here");
          gauss_filter();
        }
    }
    if(params->isParameter(DICe::compute_image_gradients)){
      if(params->isParameter(DICe::gradient_method)){
        gradient_method_ = params->get<Gradient_Method>(DICe::gradient_method);
      }
      if(!img->has_gradients()&&params->get<bool>(DICe::compute_image_gradients,false)){
        // if gradients have not been computed, but ther are requested here, compute them
        DEBUG_MSG("Image gradients requested, but origin image does not have gradients, computing them here");
        compute_gradients();
      }
    }
  }
  assert(intensities_.size()>0);
}

template <typename S>
Image_<S>::Image_(const int_t array_width,
  const int_t array_height,
  const Teuchos::ArrayRCP<S> & intensities,
  const Teuchos::RCP<Teuchos::ParameterList> & params):
  width_(array_width),
  height_(array_height),
  offset_x_(0),
  offset_y_(0),
  intensities_(intensities),
  has_gradients_(false),
  has_gauss_filter_(false),
  file_name_("(from array)"),
  has_file_name_(false),
  gradient_method_(FINITE_DIFFERENCE)
{
  if(params!=Teuchos::null){
    // Note for an image constructed from array, the offsets simply set the offset_x_ and offset_y_ values for this instance of the class
    // the full input array is still copied over (by reference) to the local intensity array.
    // This is mostly for propagating offsets if the intesity array RCP came from an image that was already a subimage
    if(params->isParameter(subimage_offset_x))
      offset_x_ = params->get<int_t>(subimage_offset_x);
    if(params->isParameter(subimage_offset_y))
      offset_y_ = params->get<int_t>(subimage_offset_y);
    TEUCHOS_TEST_FOR_EXCEPTION(params->isParameter(subimage_width),std::runtime_error,"cannot create subimage from intensity array");
    TEUCHOS_TEST_FOR_EXCEPTION(params->isParameter(subimage_height),std::runtime_error,"cannot create subimage from intensity array");
  }
  assert(intensities_.size()>0);
  default_constructor_tasks(params);
  post_allocation_tasks(params);
}
#ifndef STORAGE_SCALAR_SAME_TYPE
template class Image_<storage_t>;
#endif
template class Image_<scalar_t>;

template <typename S>
void
Image_<S>::subimage_dims_from_params(const Teuchos::RCP<Teuchos::ParameterList> & params){
  if(params!=Teuchos::null){
    if(params->isParameter(subimage_offset_x))
      offset_x_ = params->get<int_t>(subimage_offset_x); // note using a default parameter for a param, adds that key to the list and sets it to the default
    if(params->isParameter(subimage_offset_y))
      offset_y_ = params->get<int_t>(subimage_offset_y);
    TEUCHOS_TEST_FOR_EXCEPTION(offset_x_<0||offset_x_>=width_,std::runtime_error,"");
    TEUCHOS_TEST_FOR_EXCEPTION(offset_y_<0||offset_y_>=height_,std::runtime_error,"");
    const int_t sub_height = params->isParameter(subimage_height) ? params->get<int_t>(subimage_height) : height_;
    const int_t sub_width = params->isParameter(subimage_width) ? params->get<int_t>(subimage_width) : width_;
    TEUCHOS_TEST_FOR_EXCEPTION(sub_width<=0||offset_x_+sub_width>width_,std::runtime_error,"");
    TEUCHOS_TEST_FOR_EXCEPTION(sub_height<=0||offset_y_+sub_height>height_,std::runtime_error,"");
    width_ = sub_width;
    height_ = sub_height;
  }
}

/// post allocation tasks
template <typename S>
void
Image_<S>::post_allocation_tasks(const Teuchos::RCP<Teuchos::ParameterList> & params){
  gauss_filter_mask_size_ = 7; // default sizes
  gauss_filter_half_mask_ = 4;
  if(params==Teuchos::null) return;
  gradient_method_ = params->get<Gradient_Method>(DICe::gradient_method,FINITE_DIFFERENCE);
  has_gauss_filter_ =  params->get<bool>(DICe::gauss_filter_images,false);
  gauss_filter_mask_size_ = params->get<int>(DICe::gauss_filter_mask_size,7);
  gauss_filter_half_mask_ = gauss_filter_mask_size_/2+1;
  if(has_gauss_filter_){
    DEBUG_MSG("Image::post_allocation_tasks(): gauss filtering image");
    gauss_filter(-1);
  }
  has_gradients_ = params->get<bool>(DICe::compute_image_gradients,false);
  if(has_gradients_){
    DEBUG_MSG("Image::post_allocation_tasks(): computing image gradients");
    compute_gradients();
  }
  if(params->isParameter(DICe::compute_laplacian_image)){
    if(params->get<bool>(DICe::compute_laplacian_image)==true){
      DEBUG_MSG("Image::post_allocation_tasks(): computing image laplacian");
      TEUCHOS_TEST_FOR_EXCEPTION(laplacian_==Teuchos::null,std::runtime_error,"");
      TEUCHOS_TEST_FOR_EXCEPTION(laplacian_.size()!=width_*height_,std::runtime_error,"");
      Teuchos::RCP<Teuchos::ParameterList> imgParams = Teuchos::rcp(new Teuchos::ParameterList());
      imgParams->set(DICe::compute_image_gradients,true); // automatically compute the gradients if the ref image is changed
      Teuchos::RCP<Image_<scalar_t>> grad_x_img = Teuchos::rcp(new Image_<scalar_t>(width_,height_,grad_x_,imgParams));
      Teuchos::RCP<Image_<scalar_t>> grad_y_img = Teuchos::rcp(new Image_<scalar_t>(width_,height_,grad_y_,imgParams));
      for(int_t y=0;y<height_;++y){
        for(int_t x=0;x<width_;++x){
          laplacian_[y*width_ + x] = grad_x_img->grad_x(x,y) + grad_y_img->grad_y(x,y);
        }
      }
    }
  }
}

template <typename S>
void
Image_<S>::default_constructor_tasks(const Teuchos::RCP<Teuchos::ParameterList> & params){
  DEBUG_MSG("Image::default_contructor_tasks(): allocating image storage");
  grad_x_ = Teuchos::ArrayRCP<scalar_t>(height_*width_,0.0);
  grad_y_ = Teuchos::ArrayRCP<scalar_t>(height_*width_,0.0);
  intensities_temp_ = Teuchos::ArrayRCP<S>(height_*width_,0);
  mask_ = Teuchos::ArrayRCP<scalar_t>(height_*width_,0.0);
  if(params!=Teuchos::null){
    if(params->isParameter(DICe::compute_laplacian_image)){
      if(params->get<bool>(DICe::compute_laplacian_image)==true){
        laplacian_ = Teuchos::ArrayRCP<scalar_t>(height_*width_,0.0);
      }
    }
  }
  // image gradient coefficients
  grad_c1_ = 1.0/12.0;
  grad_c2_ = -8.0/12.0;
}

template <typename S>
void
Image_<S>::update(const char * file_name,
  const Teuchos::RCP<Teuchos::ParameterList> & params) {
  DEBUG_MSG("Image::update(): update called for image " << file_name);
  file_name_ = file_name;
  // check the dimensions of the incoming intensities
  if(params!=Teuchos::null){
    if(params->isParameter(subimage_offset_x))
      offset_x_ = params->get<int_t>(subimage_offset_x);
    if(params->isParameter(subimage_offset_y))
      offset_y_ = params->get<int_t>(subimage_offset_y);
    if(params->isParameter(subimage_width)){
      int_t tmp_width = params->get<int_t>(subimage_width);
      int_t tmp_height = params->get<int_t>(subimage_height);
      if(tmp_width!=width_||tmp_height!=height_){
        DEBUG_MSG("*** Image::update(): re-allocating image fields becuase image dims have changed ***");
        width_ = tmp_width;
        height_ = tmp_height;
        default_constructor_tasks(params);
      }
    }
  }
  try{
    utils::read_image(file_name,intensities_,params);
  }
  catch(...){
    TEUCHOS_TEST_FOR_EXCEPTION(true,std::runtime_error,"Error, image file read failure");
  }
  assert(intensities_.size()>0);
  post_allocation_tasks(params);
}
#ifndef STORAGE_SCALAR_SAME_TYPE
template DICE_LIB_DLL_EXPORT void Image_<storage_t>::update(const char *,const Teuchos::RCP<Teuchos::ParameterList> &);
#endif
template DICE_LIB_DLL_EXPORT void Image_<scalar_t>::update(const char *,const Teuchos::RCP<Teuchos::ParameterList> &);

template <typename S>
void
Image_<S>::interpolate_bilinear_all(scalar_t & intensity_val,
       scalar_t & grad_x_val, scalar_t & grad_y_val, const bool compute_gradient,
       const scalar_t & local_x, const scalar_t & local_y) const{
  if(local_x<0.0||local_x>=width_-1.5||local_y<0.0||local_y>=height_-1.5) {
    intensity_val = 0.0;
    if (compute_gradient) {
      grad_x_val = 0.0;
      grad_y_val = 0.0;
    }
  }
  else {
    const int_t x1 = (int_t)local_x;
    const int_t x2 = x1+1;
    const int_t y1 = (int_t)local_y;
    const int_t y2  = y1+1;
    intensity_val = intensities_[y1*width_+x1]*(x2-local_x)*(y2-local_y)
      +intensities_[y1*width_+x2]*(local_x-x1)*(y2-local_y)
      +intensities_[y2*width_+x2]*(local_x-x1)*(local_y-y1)
      +intensities_[y2*width_+x1]*(x2-local_x)*(local_y-y1);
    if (compute_gradient) {
      grad_x_val = grad_x_[y1*width_+x1]*(x2-local_x)*(y2-local_y)
        +grad_x_[y1*width_+x2]*(local_x-x1)*(y2-local_y)
        +grad_x_[y2*width_+x2]*(local_x-x1)*(local_y-y1)
        +grad_x_[y2*width_+x1]*(x2-local_x)*(local_y-y1);

      grad_y_val = grad_y_[y1*width_+x1]*(x2-local_x)*(y2-local_y)
        +grad_y_[y1*width_+x2]*(local_x-x1)*(y2-local_y)
        +grad_y_[y2*width_+x2]*(local_x-x1)*(local_y-y1)
        +grad_y_[y2*width_+x1]*(x2-local_x)*(local_y-y1);
    }
  }
}

#ifndef STORAGE_SCALAR_SAME_TYPE
template DICE_LIB_DLL_EXPORT void Image_<storage_t>::interpolate_bilinear_all(scalar_t &,scalar_t &,scalar_t &,const bool,const scalar_t &,const scalar_t &) const;
#endif
template DICE_LIB_DLL_EXPORT void Image_<scalar_t>::interpolate_bilinear_all(scalar_t &,scalar_t &,scalar_t &,const bool,const scalar_t &,const scalar_t &) const;

template <typename S>
scalar_t
Image_<S>::interpolate_bilinear(const scalar_t & local_x, const scalar_t & local_y) const{

  if(local_x<0.0||local_x>=width_-1.5||local_y<0.0||local_y>=height_-1.5) return 0.0;
  const int_t x1 = (int_t)local_x;
  const int_t x2 = x1+1;
  const int_t y1 = (int_t)local_y;
  const int_t y2  = y1+1;
  return intensities_[y1*width_+x1]*(x2-local_x)*(y2-local_y)
      +intensities_[y1*width_+x2]*(local_x-x1)*(y2-local_y)
      +intensities_[y2*width_+x2]*(local_x-x1)*(local_y-y1)
      +intensities_[y2*width_+x1]*(x2-local_x)*(local_y-y1);
}

#ifndef STORAGE_SCALAR_SAME_TYPE
template DICE_LIB_DLL_EXPORT scalar_t Image_<storage_t>::interpolate_bilinear(const scalar_t &,const scalar_t &) const;
#endif
template DICE_LIB_DLL_EXPORT scalar_t Image_<scalar_t>::interpolate_bilinear(const scalar_t &,const scalar_t &) const;

template <typename S>
scalar_t
Image_<S>::interpolate_grad_x_bilinear(const scalar_t & local_x, const scalar_t & local_y) const{

  if(local_x<0.0||local_x>=width_-1.5||local_y<0.0||local_y>=height_-1.5) return 0.0;
  const int_t x1 = (int_t)local_x;
  const int_t x2 = x1+1;
  const int_t y1 = (int_t)local_y;
  const int_t y2  = y1+1;
  return grad_x_[y1*width_+x1]*(x2-local_x)*(y2-local_y)
      +grad_x_[y1*width_+x2]*(local_x-x1)*(y2-local_y)
      +grad_x_[y2*width_+x2]*(local_x-x1)*(local_y-y1)
      +grad_x_[y2*width_+x1]*(x2-local_x)*(local_y-y1);
}

#ifndef STORAGE_SCALAR_SAME_TYPE
template DICE_LIB_DLL_EXPORT scalar_t Image_<storage_t>::interpolate_grad_x_bilinear(const scalar_t &,const scalar_t &) const;
#endif
template DICE_LIB_DLL_EXPORT scalar_t Image_<scalar_t>::interpolate_grad_x_bilinear(const scalar_t &,const scalar_t &) const;

template <typename S>
scalar_t
Image_<S>::interpolate_grad_y_bilinear(const scalar_t & local_x, const scalar_t & local_y) const{
  if(local_x<0.0||local_x>=width_-1.5||local_y<0.0||local_y>=height_-1.5) return 0.0;
  const int_t x1 = (int_t)local_x;
  const int_t x2 = x1+1;
  const int_t y1 = (int_t)local_y;
  const int_t y2  = y1+1;
  return grad_y_[y1*width_+x1]*(x2-local_x)*(y2-local_y)
      +grad_y_[y1*width_+x2]*(local_x-x1)*(y2-local_y)
      +grad_y_[y2*width_+x2]*(local_x-x1)*(local_y-y1)
      +grad_y_[y2*width_+x1]*(x2-local_x)*(local_y-y1);
}

#ifndef STORAGE_SCALAR_SAME_TYPE
template DICE_LIB_DLL_EXPORT scalar_t Image_<storage_t>::interpolate_grad_y_bilinear(const scalar_t &,const scalar_t &) const;
#endif
template DICE_LIB_DLL_EXPORT scalar_t Image_<scalar_t>::interpolate_grad_y_bilinear(const scalar_t &,const scalar_t &) const;

template <typename S>
void
Image_<S>::interpolate_bicubic_all(scalar_t & intensity_val,
       scalar_t & grad_x_val, scalar_t & grad_y_val, const bool compute_gradient,
       const scalar_t & local_x, const scalar_t & local_y) const {
  if(local_x<1.0||local_x>=width_-2.0||local_y<1.0||local_y>=height_-2.0){
    intensity_val = this->interpolate_bilinear(local_x,local_y);
    if (compute_gradient) {
      grad_x_val = this->interpolate_grad_x_bilinear(local_x,local_y);
      grad_y_val = this->interpolate_grad_y_bilinear(local_x,local_y);
    }
  }
  const int_t x0  = (int_t)local_x;
  const int_t x1  = x0+1;
  const int_t x2  = x1+1;
  const int_t xm1 = x0-1;
  const int_t y0  = (int_t)local_y;
  const int_t y1 = y0+1;
  const int_t y2 = y1+1;
  const int_t ym1 = y0-1;
  const scalar_t x = local_x - x0;
  const scalar_t y = local_y - y0;
  const scalar_t x_2 = x * x;
  const scalar_t x_3 = x_2 * x;
  const scalar_t y_2 = y * y;
  const scalar_t y_3 = y_2 * y;
  // intensity
  const scalar_t fm10  = intensities_[y0*width_+xm1];
  const scalar_t f00   = intensities_[y0*width_+x0];
  const scalar_t f10   = intensities_[y0*width_+x1];
  const scalar_t f20   = intensities_[y0*width_+x2];
  const scalar_t fm11  = intensities_[y1*width_+xm1];
  const scalar_t f01   = intensities_[y1*width_+x0];
  const scalar_t f11   = intensities_[y1*width_+x1];
  const scalar_t f21   = intensities_[y1*width_+x2];
  const scalar_t fm12  = intensities_[y2*width_+xm1];
  const scalar_t f02   = intensities_[y2*width_+x0];
  const scalar_t f12   = intensities_[y2*width_+x1];
  const scalar_t f22   = intensities_[y2*width_+x2];
  const scalar_t fm1m1 = intensities_[ym1*width_+xm1];
  const scalar_t f0m1  = intensities_[ym1*width_+x0];
  const scalar_t f1m1  = intensities_[ym1*width_+x1];
  const scalar_t f2m1  = intensities_[ym1*width_+x2];
  #ifdef DICE_USE_DOUBLE
    intensity_val = f00 + (-0.5*f0m1 + .5*f01)*y + (f0m1 - 2.5*f00 + 2.0*f01 - .5*f02)*y_2 + (-0.5*f0m1 + 1.5*f00 - 1.5*f01 + .5*f02)*y_3
      + ((-0.5*fm10 + .5*f10) + (0.25*fm1m1 - .25*fm11 - .25*f1m1 + .25*f11)*y + (-0.5*fm1m1 + 1.25*fm10 - fm11 + .25*fm12 +
          0.5*f1m1 - 1.25*f10 + f11 - .25*f12)*y_2 + (0.25*fm1m1 - .75*fm10 + .75*fm11 - .25*fm12 - .25*f1m1 + .75*f10 - .75*f11 + .25*f12)*y_3) * x
      +((fm10 - 2.5*f00 + 2.0*f10 - .5*f20) + (-0.5*fm1m1 + .5*fm11 + 1.25*f0m1 - 1.25*f01 - f1m1 + f11 + .25*f2m1 - .25*f21)*y + (fm1m1 - 2.5*fm10 + 2.0*fm11
          - .5*fm12 - 2.5*f0m1 + 6.25*f00 - 5.0*f01 + 1.25*f02 + 2.0*f1m1 - 5.0*f10 + 4.0*f11 - f12 - .5*f2m1 + 1.25*f20 - f21 + .25*f22)*y_2 +
          (-0.5*fm1m1 + 1.5*fm10 - 1.5*fm11 + .5*fm12 + 1.25*f0m1 - 3.75*f00 + 3.75*f01 - 1.25*f02 - f1m1 + 3.0*f10 - 3.0*f11 + f12 + .25*f2m1 - .75*f20 + .75*f21 - .25*f22)*y_3)*x_2
      +((-.5*fm10 + 1.5*f00 - 1.5*f10 + .5*f20) + (0.25*fm1m1 - .25*fm11 - .75*f0m1 + .75*f01 + .75*f1m1 - .75*f11 - .25*f2m1 + .25*f21)*y +
          (-.5*fm1m1 + 1.25*fm10 - fm11 + .25*fm12 + 1.5*f0m1 - 3.75*f00 + 3.0*f01 - .75*f02 - 1.5*f1m1 + 3.75*f10 - 3.0*f11 + .75*f12 + .5*f2m1 - 1.25*f20 + f21 - .25*f22)*y_2
          + (0.25*fm1m1 - .75*fm10 + .75*fm11 - .25*fm12 - .75*f0m1 + 2.25*f00 - 2.25*f01 + .75*f02 + .75*f1m1 - 2.25*f10 + 2.25*f11 - .75*f12 - .25*f2m1 + .75*f20 - .75*f21 + .25*f22)*y_3)*x_3;
  #else
    intensity_val = f00 + (-0.5f*f0m1 + .5f*f01)*y + (f0m1 - 2.5f*f00 + 2.0f*f01 - .5f*f02)*y_2 + (-0.5f*f0m1 + 1.5f*f00 - 1.5f*f01 + .5f*f02)*y_3
      + ((-0.5f*fm10 + .5f*f10) + (0.25f*fm1m1 - .25f*fm11 - .25f*f1m1 + .25f*f11)*y + (-0.5f*fm1m1 + 1.25f*fm10 - fm11 + .25f*fm12 +
          0.5f*f1m1 - 1.25f*f10 + f11 - .25f*f12)*y_2 + (0.25f*fm1m1 - .75f*fm10 + .75f*fm11 - .25f*fm12 - .25f*f1m1 + .75f*f10 - .75f*f11 + .25f*f12)*y_3) * x
      +((fm10 - 2.5f*f00 + 2.0f*f10 - .5f*f20) + (-0.5f*fm1m1 + .5f*fm11 + 1.25f*f0m1 - 1.25f*f01 - f1m1 + f11 + .25f*f2m1 - .25f*f21)*y + (fm1m1 - 2.5f*fm10 + 2.0f*fm11
          - .5f*fm12 - 2.5f*f0m1 + 6.25f*f00 - 5.0f*f01 + 1.25f*f02 + 2.0f*f1m1 - 5.0f*f10 + 4.0f*f11 - f12 - .5f*f2m1 + 1.25f*f20 - f21 + .25f*f22)*y_2 +
          (-0.5f*fm1m1 + 1.5f*fm10 - 1.5f*fm11 + .5f*fm12 + 1.25f*f0m1 - 3.75f*f00 + 3.75f*f01 - 1.25f*f02 - f1m1 + 3.0f*f10 - 3.0f*f11 + f12 + .25f*f2m1 - .75f*f20 + .75f*f21 - .25f*f22)*y_3)*x_2
      +((-.5f*fm10 + 1.5f*f00 - 1.5f*f10 + .5f*f20) + (0.25f*fm1m1 - .25f*fm11 - .75f*f0m1 + .75f*f01 + .75f*f1m1 - .75f*f11 - .25f*f2m1 + .25f*f21)*y +
          (-.5f*fm1m1 + 1.25f*fm10 - fm11 + .25f*fm12 + 1.5f*f0m1 - 3.75f*f00 + 3.0f*f01 - .75f*f02 - 1.5f*f1m1 + 3.75f*f10 - 3.0f*f11 + .75f*f12 + .5f*f2m1 - 1.25f*f20 + f21 - .25f*f22)*y_2
          + (0.25f*fm1m1 - .75f*fm10 + .75f*fm11 - .25f*fm12 - .75f*f0m1 + 2.25f*f00 - 2.25f*f01 + .75f*f02 + .75f*f1m1 - 2.25f*f10 + 2.25f*f11 - .75f*f12 - .25f*f2m1 + .75f*f20 - .75f*f21 + .25f*f22)*y_3)*x_3;
  #endif


  if (compute_gradient) {
    // grad_x
    const scalar_t gxfm10  = grad_x_[y0*width_+xm1];
    const scalar_t gxf00   = grad_x_[y0*width_+x0];
    const scalar_t gxf10   = grad_x_[y0*width_+x1];
    const scalar_t gxf20   = grad_x_[y0*width_+x2];
    const scalar_t gxfm11  = grad_x_[y1*width_+xm1];
    const scalar_t gxf01   = grad_x_[y1*width_+x0];
    const scalar_t gxf11   = grad_x_[y1*width_+x1];
    const scalar_t gxf21   = grad_x_[y1*width_+x2];
    const scalar_t gxfm12  = grad_x_[y2*width_+xm1];
    const scalar_t gxf02   = grad_x_[y2*width_+x0];
    const scalar_t gxf12   = grad_x_[y2*width_+x1];
    const scalar_t gxf22   = grad_x_[y2*width_+x2];
    const scalar_t gxfm1m1 = grad_x_[ym1*width_+xm1];
    const scalar_t gxf0m1  = grad_x_[ym1*width_+x0];
    const scalar_t gxf1m1  = grad_x_[ym1*width_+x1];
    const scalar_t gxf2m1  = grad_x_[ym1*width_+x2];
    // grad_y
    const scalar_t gyfm10  = grad_y_[y0*width_+xm1];
    const scalar_t gyf00   = grad_y_[y0*width_+x0];
    const scalar_t gyf10   = grad_y_[y0*width_+x1];
    const scalar_t gyf20   = grad_y_[y0*width_+x2];
    const scalar_t gyfm11  = grad_y_[y1*width_+xm1];
    const scalar_t gyf01   = grad_y_[y1*width_+x0];
    const scalar_t gyf11   = grad_y_[y1*width_+x1];
    const scalar_t gyf21   = grad_y_[y1*width_+x2];
    const scalar_t gyfm12  = grad_y_[y2*width_+xm1];
    const scalar_t gyf02   = grad_y_[y2*width_+x0];
    const scalar_t gyf12   = grad_y_[y2*width_+x1];
    const scalar_t gyf22   = grad_y_[y2*width_+x2];
    const scalar_t gyfm1m1 = grad_y_[ym1*width_+xm1];
    const scalar_t gyf0m1  = grad_y_[ym1*width_+x0];
    const scalar_t gyf1m1  = grad_y_[ym1*width_+x1];
    const scalar_t gyf2m1  = grad_y_[ym1*width_+x2];

    #ifdef DICE_USE_DOUBLE
      grad_x_val = gxf00 + (-0.5*gxf0m1 + .5*gxf01)*y + (gxf0m1 - 2.5*gxf00 + 2.0*gxf01 - .5*gxf02)*y_2 + (-0.5*gxf0m1 + 1.5*gxf00 - 1.5*gxf01 + .5*gxf02)*y_3
        + ((-0.5*gxfm10 + .5*gxf10) + (0.25*gxfm1m1 - .25*gxfm11 - .25*gxf1m1 + .25*gxf11)*y + (-0.5*gxfm1m1 + 1.25*gxfm10 - gxfm11 + .25*gxfm12 +
            0.5*gxf1m1 - 1.25*gxf10 + gxf11 - .25*gxf12)*y_2 + (0.25*gxfm1m1 - .75*gxfm10 + .75*gxfm11 - .25*gxfm12 - .25*gxf1m1 + .75*gxf10 - .75*gxf11 + .25*gxf12)*y_3) * x
        +((gxfm10 - 2.5*gxf00 + 2.0*gxf10 - .5*gxf20) + (-0.5*gxfm1m1 + .5*gxfm11 + 1.25*gxf0m1 - 1.25*gxf01 - gxf1m1 + gxf11 + .25*gxf2m1 - .25*gxf21)*y + (gxfm1m1 - 2.5*gxfm10 + 2.0*gxfm11
            - .5*gxfm12 - 2.5*gxf0m1 + 6.25*gxf00 - 5.0*gxf01 + 1.25*gxf02 + 2.0*gxf1m1 - 5.0*gxf10 + 4.0*gxf11 - gxf12 - .5*gxf2m1 + 1.25*gxf20 - gxf21 + .25*gxf22)*y_2 +
            (-0.5*gxfm1m1 + 1.5*gxfm10 - 1.5*gxfm11 + .5*gxfm12 + 1.25*gxf0m1 - 3.75*gxf00 + 3.75*gxf01 - 1.25*gxf02 - gxf1m1 + 3.0*gxf10 - 3.0*gxf11 + gxf12 + .25*gxf2m1 - .75*gxf20 + .75*gxf21 - .25*gxf22)*y_3)*x_2
        +((-.5*gxfm10 + 1.5*gxf00 - 1.5*gxf10 + .5*gxf20) + (0.25*gxfm1m1 - .25*gxfm11 - .75*gxf0m1 + .75*gxf01 + .75*gxf1m1 - .75*gxf11 - .25*gxf2m1 + .25*gxf21)*y +
            (-.5*gxfm1m1 + 1.25*gxfm10 - gxfm11 + .25*gxfm12 + 1.5*gxf0m1 - 3.75*gxf00 + 3.0*gxf01 - .75*gxf02 - 1.5*gxf1m1 + 3.75*gxf10 - 3.0*gxf11 + .75*gxf12 + .5*gxf2m1 - 1.25*gxf20 + gxf21 - .25*gxf22)*y_2
            + (0.25*gxfm1m1 - .75*gxfm10 + .75*gxfm11 - .25*gxfm12 - .75*gxf0m1 + 2.25*gxf00 - 2.25*gxf01 + .75*gxf02 + .75*gxf1m1 - 2.25*gxf10 + 2.25*gxf11 - .75*gxf12 - .25*gxf2m1 + .75*gxf20 - .75*gxf21 + .25*gxf22)*y_3)*x_3;

      grad_y_val = gyf00 + (-0.5*gyf0m1 + .5*gyf01)*y + (gyf0m1 - 2.5*gyf00 + 2.0*gyf01 - .5*gyf02)*y_2 + (-0.5*gyf0m1 + 1.5*gyf00 - 1.5*gyf01 + .5*gyf02)*y_3
        + ((-0.5*gyfm10 + .5*gyf10) + (0.25*gyfm1m1 - .25*gyfm11 - .25*gyf1m1 + .25*gyf11)*y + (-0.5*gyfm1m1 + 1.25*gyfm10 - gyfm11 + .25*gyfm12 +
            0.5*gyf1m1 - 1.25*gyf10 + gyf11 - .25*gyf12)*y_2 + (0.25*gyfm1m1 - .75*gyfm10 + .75*gyfm11 - .25*gyfm12 - .25*gyf1m1 + .75*gyf10 - .75*gyf11 + .25*gyf12)*y_3) * x
        +((gyfm10 - 2.5*gyf00 + 2.0*gyf10 - .5*gyf20) + (-0.5*gyfm1m1 + .5*gyfm11 + 1.25*gyf0m1 - 1.25*gyf01 - gyf1m1 + gyf11 + .25*gyf2m1 - .25*gyf21)*y + (gyfm1m1 - 2.5*gyfm10 + 2.0*gyfm11
            - .5*gyfm12 - 2.5*gyf0m1 + 6.25*gyf00 - 5.0*gyf01 + 1.25*gyf02 + 2.0*gyf1m1 - 5.0*gyf10 + 4.0*gyf11 - gyf12 - .5*gyf2m1 + 1.25*gyf20 - gyf21 + .25*gyf22)*y_2 +
            (-0.5*gyfm1m1 + 1.5*gyfm10 - 1.5*gyfm11 + .5*gyfm12 + 1.25*gyf0m1 - 3.75*gyf00 + 3.75*gyf01 - 1.25*gyf02 - gyf1m1 + 3.0*gyf10 - 3.0*gyf11 + gyf12 + .25*gyf2m1 - .75*gyf20 + .75*gyf21 - .25*gyf22)*y_3)*x_2
        +((-.5*gyfm10 + 1.5*gyf00 - 1.5*gyf10 + .5*gyf20) + (0.25*gyfm1m1 - .25*gyfm11 - .75*gyf0m1 + .75*gyf01 + .75*gyf1m1 - .75*gyf11 - .25*gyf2m1 + .25*gyf21)*y +
            (-.5*gyfm1m1 + 1.25*gyfm10 - gyfm11 + .25*gyfm12 + 1.5*gyf0m1 - 3.75*gyf00 + 3.0*gyf01 - .75*gyf02 - 1.5*gyf1m1 + 3.75*gyf10 - 3.0*gyf11 + .75*gyf12 + .5*gyf2m1 - 1.25*gyf20 + gyf21 - .25*gyf22)*y_2
            + (0.25*gyfm1m1 - .75*gyfm10 + .75*gyfm11 - .25*gyfm12 - .75*gyf0m1 + 2.25*gyf00 - 2.25*gyf01 + .75*gyf02 + .75*gyf1m1 - 2.25*gyf10 + 2.25*gyf11 - .75*gyf12 - .25*gyf2m1 + .75*gyf20 - .75*gyf21 + .25*gyf22)*y_3)*x_3;
    #else
      grad_x_val = gxf00 + (-0.5f*gxf0m1 + .5f*gxf01)*y + (gxf0m1 - 2.5f*gxf00 + 2.0f*gxf01 - .5f*gxf02)*y_2 + (-0.5f*gxf0m1 + 1.5f*gxf00 - 1.5f*gxf01 + .5f*gxf02)*y_3
        + ((-0.5f*gxfm10 + .5f*gxf10) + (0.25f*gxfm1m1 - .25f*gxfm11 - .25f*gxf1m1 + .25f*gxf11)*y + (-0.5f*gxfm1m1 + 1.25f*gxfm10 - gxfm11 + .25f*gxfm12 +
            0.5f*gxf1m1 - 1.25f*gxf10 + gxf11 - .25f*gxf12)*y_2 + (0.25f*gxfm1m1 - .75f*gxfm10 + .75f*gxfm11 - .25f*gxfm12 - .25f*gxf1m1 + .75f*gxf10 - .75f*gxf11 + .25f*gxf12)*y_3) * x
        +((gxfm10 - 2.5f*gxf00 + 2.0f*gxf10 - .5f*gxf20) + (-0.5f*gxfm1m1 + .5f*gxfm11 + 1.25f*gxf0m1 - 1.25f*gxf01 - gxf1m1 + gxf11 + .25f*gxf2m1 - .25f*gxf21)*y + (gxfm1m1 - 2.5f*gxfm10 + 2.0f*gxfm11
            - .5f*gxfm12 - 2.5f*gxf0m1 + 6.25f*gxf00 - 5.0f*gxf01 + 1.25f*gxf02 + 2.0f*gxf1m1 - 5.0f*gxf10 + 4.0f*gxf11 - gxf12 - .5f*gxf2m1 + 1.25f*gxf20 - gxf21 + .25f*gxf22)*y_2 +
            (-0.5f*gxfm1m1 + 1.5f*gxfm10 - 1.5f*gxfm11 + .5f*gxfm12 + 1.25f*gxf0m1 - 3.75f*gxf00 + 3.75f*gxf01 - 1.25f*gxf02 - gxf1m1 + 3.0f*gxf10 - 3.0f*gxf11 + gxf12 + .25f*gxf2m1 - .75f*gxf20 + .75f*gxf21 - .25f*gxf22)*y_3)*x_2
        +((-.5f*gxfm10 + 1.5f*gxf00 - 1.5f*gxf10 + .5f*gxf20) + (0.25f*gxfm1m1 - .25f*gxfm11 - .75f*gxf0m1 + .75f*gxf01 + .75f*gxf1m1 - .75f*gxf11 - .25f*gxf2m1 + .25f*gxf21)*y +
            (-.5f*gxfm1m1 + 1.25f*gxfm10 - gxfm11 + .25f*gxfm12 + 1.5f*gxf0m1 - 3.75f*gxf00 + 3.0f*gxf01 - .75f*gxf02 - 1.5f*gxf1m1 + 3.75f*gxf10 - 3.0f*gxf11 + .75f*gxf12 + .5f*gxf2m1 - 1.25f*gxf20 + gxf21 - .25f*gxf22)*y_2
            + (0.25f*gxfm1m1 - .75f*gxfm10 + .75f*gxfm11 - .25f*gxfm12 - .75f*gxf0m1 + 2.25f*gxf00 - 2.25f*gxf01 + .75f*gxf02 + .75f*gxf1m1 - 2.25f*gxf10 + 2.25f*gxf11 - .75f*gxf12 - .25f*gxf2m1 + .75f*gxf20 - .75f*gxf21 + .25f*gxf22)*y_3)*x_3;

      grad_y_val = gyf00 + (-0.5f*gyf0m1 + .5f*gyf01)*y + (gyf0m1 - 2.5f*gyf00 + 2.0f*gyf01 - .5f*gyf02)*y_2 + (-0.5f*gyf0m1 + 1.5f*gyf00 - 1.5f*gyf01 + .5f*gyf02)*y_3
        + ((-0.5f*gyfm10 + .5f*gyf10) + (0.25f*gyfm1m1 - .25f*gyfm11 - .25f*gyf1m1 + .25f*gyf11)*y + (-0.5f*gyfm1m1 + 1.25f*gyfm10 - gyfm11 + .25f*gyfm12 +
            0.5f*gyf1m1 - 1.25f*gyf10 + gyf11 - .25f*gyf12)*y_2 + (0.25f*gyfm1m1 - .75f*gyfm10 + .75f*gyfm11 - .25f*gyfm12 - .25f*gyf1m1 + .75f*gyf10 - .75f*gyf11 + .25f*gyf12)*y_3) * x
        +((gyfm10 - 2.5f*gyf00 + 2.0f*gyf10 - .5f*gyf20) + (-0.5f*gyfm1m1 + .5f*gyfm11 + 1.25f*gyf0m1 - 1.25f*gyf01 - gyf1m1 + gyf11 + .25f*gyf2m1 - .25f*gyf21)*y + (gyfm1m1 - 2.5f*gyfm10 + 2.0f*gyfm11
            - .5f*gyfm12 - 2.5f*gyf0m1 + 6.25f*gyf00 - 5.0f*gyf01 + 1.25f*gyf02 + 2.0f*gyf1m1 - 5.0f*gyf10 + 4.0f*gyf11 - gyf12 - .5f*gyf2m1 + 1.25f*gyf20 - gyf21 + .25f*gyf22)*y_2 +
            (-0.5f*gyfm1m1 + 1.5f*gyfm10 - 1.5f*gyfm11 + .5f*gyfm12 + 1.25f*gyf0m1 - 3.75f*gyf00 + 3.75f*gyf01 - 1.25f*gyf02 - gyf1m1 + 3.0f*gyf10 - 3.0f*gyf11 + gyf12 + .25f*gyf2m1 - .75f*gyf20 + .75f*gyf21 - .25f*gyf22)*y_3)*x_2
        +((-.5f*gyfm10 + 1.5f*gyf00 - 1.5f*gyf10 + .5f*gyf20) + (0.25f*gyfm1m1 - .25f*gyfm11 - .75f*gyf0m1 + .75f*gyf01 + .75f*gyf1m1 - .75f*gyf11 - .25f*gyf2m1 + .25f*gyf21)*y +
            (-.5f*gyfm1m1 + 1.25f*gyfm10 - gyfm11 + .25f*gyfm12 + 1.5f*gyf0m1 - 3.75f*gyf00 + 3.0f*gyf01 - .75f*gyf02 - 1.5f*gyf1m1 + 3.75f*gyf10 - 3.0f*gyf11 + .75f*gyf12 + .5f*gyf2m1 - 1.25f*gyf20 + gyf21 - .25f*gyf22)*y_2
            + (0.25f*gyfm1m1 - .75f*gyfm10 + .75f*gyfm11 - .25f*gyfm12 - .75f*gyf0m1 + 2.25f*gyf00 - 2.25f*gyf01 + .75f*gyf02 + .75f*gyf1m1 - 2.25f*gyf10 + 2.25f*gyf11 - .75f*gyf12 - .25f*gyf2m1 + .75f*gyf20 - .75f*gyf21 + .25f*gyf22)*y_3)*x_3;
    #endif
  }

}

#ifndef STORAGE_SCALAR_SAME_TYPE
template DICE_LIB_DLL_EXPORT void Image_<storage_t>::interpolate_bicubic_all(scalar_t &,scalar_t &,scalar_t &,const bool,const scalar_t &,const scalar_t &) const;
#endif
template DICE_LIB_DLL_EXPORT void Image_<scalar_t>::interpolate_bicubic_all(scalar_t &,scalar_t &,scalar_t &,const bool,const scalar_t &,const scalar_t &) const;

template <typename S>
scalar_t
Image_<S>::interpolate_bicubic(const scalar_t & local_x, const scalar_t & local_y) const{
  if(local_x<1.0||local_x>=width_-2.0||local_y<1.0||local_y>=height_-2.0) return this->interpolate_bilinear(local_x,local_y);

  const int_t x0  = (int_t)local_x;
  const int_t x1  = x0+1;
  const int_t x2  = x1+1;
  const int_t xm1 = x0-1;
  const int_t y0  = (int_t)local_y;
  const int_t y1 = y0+1;
  const int_t y2 = y1+1;
  const int_t ym1 = y0-1;
  const scalar_t x = local_x - x0;
  const scalar_t y = local_y - y0;
  const scalar_t x_2 = x * x;
  const scalar_t x_3 = x_2 * x;
  const scalar_t y_2 = y * y;
  const scalar_t y_3 = y_2 * y;
  const scalar_t fm10  = intensities_[y0*width_+xm1];
  const scalar_t f00   = intensities_[y0*width_+x0];
  const scalar_t f10   = intensities_[y0*width_+x1];
  const scalar_t f20   = intensities_[y0*width_+x2];
  const scalar_t fm11  = intensities_[y1*width_+xm1];
